eval_loss = 0.18141045550111334
f1_score = 0.7853663664715982
precision = 0.8183743518586138
recall = 0.7549178119105362
